TREE CLUSTERING RESULTS
======================

Original number of trees: 1580
Distance threshold (normalized): 0.15
Number of trees after merging: 436
Reduction: 1144 trees (72.41%)

Mergeable Tree Clusters:
Cluster 76: Trees [1, 129, 194, 286, 303, 304, 309, 328, 418, 452, 597, 599, 600, 627, 643, 673, 681, 682, 683, 684, 685, 686, 687, 694, 695, 739, 740, 742, 755, 789, 792, 796, 799, 819, 823, 825, 835, 841, 844, 849, 889, 891, 934, 992, 993, 1018, 1020, 1029, 1098, 1101, 1148, 1165, 1234, 1264, 1301, 1304, 1306, 1307, 1308, 1309, 1310, 1311, 1312, 1313, 1315, 1316, 1317, 1319, 1320, 1321, 1322, 1323, 1324, 1339, 1357, 1365, 1503, 1538, 1548, 1549, 1550, 1569, 1572] can be merged
Cluster 78: Trees [3, 4, 5, 6, 7, 8, 9, 10, 11, 12, 13, 14, 15, 16, 17, 18, 19, 20, 21, 22, 23, 24, 25, 26, 27, 28, 29, 30, 31, 32, 33, 34, 35, 36, 37, 38, 39, 40, 41, 42, 43, 44, 45, 46, 47, 48, 49, 50, 51, 52, 53, 54, 55, 56, 57, 58, 59, 60, 61, 62, 63, 64, 65, 66, 67, 68, 69, 70, 71, 72, 73, 74, 75, 76, 77, 79, 80, 81, 82, 83, 84, 85, 86, 88, 89, 90, 91, 92, 93, 94, 95, 96, 97, 98, 99, 100, 101, 102, 103, 104, 105, 106, 107, 108, 109, 110, 111, 112, 113, 114, 115, 116, 117, 118, 119, 120, 121, 122, 123, 124, 125, 126, 127, 128, 130, 131, 132, 133, 134, 135, 136, 137, 138, 139, 140, 141, 142, 143, 144, 145, 146, 147, 148, 149, 150, 151, 152, 153, 154, 155, 156, 157, 158, 159, 160, 161, 162, 163, 164, 165, 166, 167, 168, 169, 170, 171, 172, 173, 174, 175, 176, 177, 178, 179, 180, 181, 182, 183, 184, 185, 186, 187, 188, 189, 190, 191, 192, 193, 195, 196, 197, 198, 199, 200, 201, 202, 203, 204, 205, 206, 207, 208, 209, 210, 211, 212, 213, 214, 215, 216, 217, 218, 221, 223, 231, 233, 237, 238, 239, 240, 241, 242, 243, 244, 247, 248, 249, 250, 251, 253, 255, 258, 259, 260, 262, 266, 267, 271, 273, 274, 276, 282, 285, 291, 295, 296, 298, 299, 301, 302, 305, 306, 307, 310, 311, 312, 314, 315, 319, 320, 322, 325, 338, 340, 341, 342, 343, 344, 345, 349, 350, 351, 357, 360, 362, 363, 364, 365, 366, 371, 372, 373, 374, 378, 381, 383, 385, 386, 389, 391, 392, 395, 396, 398, 400, 402, 404, 406, 407, 410, 411, 412, 413, 415, 416, 422, 423, 425, 426, 429, 434, 436, 439, 440, 442, 443, 444, 447, 449, 453, 454, 456, 457, 458, 459, 460, 461, 462, 463, 464, 465, 466, 467, 468, 469, 470, 471, 472, 473, 474, 475, 476, 477, 478, 479, 480, 481, 482, 483, 484, 485, 486, 487, 488, 489, 490, 491, 492, 493, 494, 495, 496, 497, 498, 499, 500, 501, 502, 503, 504, 505, 506, 507, 508, 510, 511, 512, 513, 514, 515, 516, 517, 518, 519, 520, 521, 522, 523, 524, 525, 526, 527, 528, 529, 530, 531, 532, 533, 534, 535, 536, 537, 539, 540, 543, 545, 546, 547, 549, 550, 551, 553, 554, 555, 556, 558, 559, 561, 562, 566, 567, 570, 571, 573, 574, 577, 580, 581, 583, 584, 588, 591, 594, 595, 598, 602, 603, 604, 606, 607, 608, 609, 610, 612, 613, 618, 619, 620, 621, 623, 624, 629, 630, 631, 637, 638, 639, 646, 652, 653, 655, 660, 666, 667, 668, 669, 671, 672, 678, 680, 689, 698, 701, 702, 703, 705, 709, 710, 711, 713, 714, 716, 717, 718, 719, 721, 722, 725, 726, 727, 728, 732, 735, 737, 747, 748, 752, 757, 760, 766, 770, 776, 780, 782, 784, 786, 787, 790, 791, 794, 795, 798, 800, 801, 802, 803, 804, 807, 808, 809, 811, 822, 824, 826, 827, 829, 838, 847, 848, 852, 871, 873, 874, 879, 886, 887, 888, 894, 896, 899, 901, 902, 904, 907, 908, 909, 911, 913, 923, 924, 929, 930, 931, 937, 938, 939, 940, 941, 942, 943, 945, 954, 977, 979, 988, 990, 991, 994, 997, 998, 999, 1000, 1001, 1002, 1005, 1006, 1007, 1008, 1009, 1014, 1015, 1016, 1022, 1023, 1025, 1026, 1028, 1030, 1031, 1033, 1034, 1037, 1038, 1045, 1046, 1047, 1052, 1057, 1066, 1067, 1073, 1074, 1077, 1082, 1083, 1087, 1088, 1090, 1091, 1093, 1106, 1107, 1108, 1110, 1111, 1113, 1114, 1116, 1117, 1119, 1123, 1124, 1125, 1126, 1127, 1129, 1130, 1131, 1132, 1133, 1134, 1135, 1136, 1137, 1138, 1139, 1140, 1141, 1142, 1149, 1150, 1156, 1157, 1159, 1161, 1162, 1164, 1166, 1169, 1170, 1189, 1190, 1191, 1193, 1195, 1196, 1199, 1200, 1202, 1206, 1207, 1209, 1219, 1220, 1227, 1229, 1230, 1231, 1237, 1239, 1242, 1248, 1249, 1251, 1252, 1253, 1256, 1260, 1261, 1270, 1271, 1276, 1280, 1282, 1284, 1286, 1288, 1291, 1296, 1299, 1302, 1303, 1305, 1314, 1326, 1328, 1332, 1333, 1335, 1337, 1338, 1340, 1341, 1344, 1345, 1347, 1348, 1358, 1359, 1360, 1361, 1362, 1363, 1366, 1368, 1373, 1374, 1375, 1380, 1381, 1385, 1386, 1388, 1389, 1391, 1392, 1393, 1394, 1395, 1398, 1404, 1405, 1406, 1412, 1413, 1414, 1415, 1416, 1418, 1419, 1421, 1424, 1425, 1426, 1427, 1428, 1431, 1433, 1434, 1435, 1436, 1437, 1439, 1440, 1441, 1442, 1443, 1444, 1445, 1447, 1448, 1449, 1451, 1453, 1454, 1455, 1457, 1459, 1460, 1461, 1462, 1463, 1465, 1466, 1467, 1468, 1469, 1470, 1471, 1472, 1474, 1478, 1479, 1483, 1492, 1493, 1494, 1495, 1496, 1500, 1501, 1502, 1504, 1505, 1506, 1507, 1508, 1510, 1511, 1518, 1519, 1520, 1523, 1526, 1527, 1528, 1530, 1531, 1534, 1539, 1542, 1544, 1545, 1558, 1560, 1563, 1564, 1566, 1567, 1570, 1571, 1574, 1578, 1579, 1580] can be merged
Cluster 77: Trees [87, 222, 313, 331, 332, 333, 335, 337, 347, 355, 356, 368, 380, 397, 445, 538, 585, 645, 679, 693, 759, 773, 788, 793, 832, 884, 921, 928, 947, 1041, 1044, 1051, 1085, 1089, 1112, 1122, 1143, 1154, 1167, 1228, 1268, 1279, 1300, 1350, 1351, 1353, 1356, 1390, 1401, 1402, 1430, 1514, 1515, 1516, 1517, 1543] can be merged
Cluster 79: Trees [219, 272, 308, 382, 401, 405, 417, 438, 450, 548, 552, 565, 568, 576, 611, 622, 641, 642, 650, 657, 676, 677, 691, 700, 734, 738, 753, 761, 763, 765, 777, 820, 837, 840, 880, 885, 926, 980, 981, 982, 983, 984, 985, 1011, 1032, 1036, 1059, 1072, 1075, 1118, 1168, 1197, 1221, 1222, 1223, 1225, 1233, 1240, 1241, 1289, 1327, 1334, 1342, 1343, 1346, 1349, 1370, 1372, 1411, 1521, 1536, 1537, 1559, 1561, 1568, 1573] can be merged
Cluster 80: Trees [245, 254, 256, 261, 284, 288, 317, 339, 375, 376, 377, 388, 414, 419, 420, 432, 441, 560, 626, 651, 662, 704, 731, 743, 744, 749, 751, 756, 877, 878, 881, 883, 914, 955, 995, 1035, 1040, 1084, 1094, 1104, 1153, 1201, 1213, 1215, 1232, 1244, 1250, 1277, 1278, 1364, 1371, 1387, 1407, 1429, 1450, 1477, 1488, 1532, 1554, 1555, 1556] can be merged
Cluster 75: Trees [330, 399, 435, 596, 601, 614, 656, 658, 729, 730, 733, 750, 810, 900, 912, 927, 932, 944, 1024, 1065, 1080, 1095, 1096, 1121, 1147, 1155, 1158, 1160, 1163, 1211, 1212, 1214, 1217, 1263, 1283, 1297, 1298, 1403, 1408, 1409, 1423, 1432, 1464, 1473, 1476, 1513, 1524, 1525] can be merged
Cluster 1: Trees [1069, 1553] can be merged
